#tretie obdobie:
298 200.5 300.5 224 264
473.5 258.5 434 246 582
209.5 277.5 395 359 186
305 211.5 232 309.5 339
299 410.5 305 169.5 223
267.5 277.5 240.5 348.5 230.5
302.5 360 300.5 263 295.5
357.5 335.5 189 414.5 285.5
355.5 278 291 285 192
261 278 286 127 399.5
305 294 251.5 174.5 309.5
243 325.5 239 234 257
284.5 229 293 278.5 209
209.5 277.5 256.5 208.5 331
171.5 282 204 412.5 174
316 253 192 238 172
206.5 402 314.5 187 348.5
339.5 285 133 191 322.5
238.5 185 303 131.5 309
276.5 229 212.5 274.5 208.5
232 233.5 621 250 216.5
362 307 229.5 311 257
273.5 246 245 208.5 131
467 196 239 179.5 537
268.5 197.5 259.5 324.5 258.5
265 299 244 283 403
159 298 341 178 337.5
309 222.5 287.5 249 358.5
228.5 250 302.5 291 229.5
194.5 249 278 258 389
217.5 329 298 118 278.5
173.5 255.5 248.5 348 315
281.5 247.5 356.5 276.5 305.5
245 308.5 155 238.5 239
269 324.5 345.5 298 340.5
307.5 322.5 225 261 233
137.5 243 251 321.5 234.5
325 283.5 310 325 285.5
313 342.5 197 159 396.5
180.5 155.5 227.5 264 278
310.5 338 362.5 310 186
284.5 219.5 259.5 213 281
291 275.5 228 350.5 366.5
461 263 341 196.5 243
307 328 309.5 207.5 164
210.5 211.5 211 276 222
199 254.5 245.5 209 298.5
302.5 342 291 210.5 250
358 231.5 324 270.5 274.5
401 292 298 166 278
378.5 246