#druhe obdobie:
336.5 267 413.5 283 380
246 285.5 321.5 247.5 180
139.5 434 150.5 377 241
455 203.5 283 275.5 163
274.5 178 356.5 293 227
476.5 324 218 322.5 204
242.5 187 516 182.5 293.5
395.5 198.5 181.5 419 201
301.5 404.5 268 232.5 293
540 243 218 258.5 201
337.5 192.5 291.5 181.5 214.5
208 242.5 302.5 347.5 230
287 231.5 234.5 325.5 365.5
281.5 327.5 308 315 214
347 285.5 190.5 320 464
338 327.5 274.5 247 210
352.5 251 246.5 474 197
288 302 329.5 213 317.5
218 382.5 369 190.5 175
172.5 407 269 126.5 263
710 308.5 266 363 284
175.5 204 335.5 268.5 309
283 341 306 138 185.5
146.5 301.5 434 524 272.5
206 290.5 268 235 154
253 469.5 179 279.5 198
155.5 295.5 227 224.5 541
271 548 223.5 174.5 257
280.5 184.5 234.5 261.5 175
359 180 219.5 337 368.5
302.5 247.5 342.5 316 425.5
457 111.5 202.5 297.5 247.5
329.5 125 390 283.5 227.5
253 225.5 172 558.5 217.5
250 528.5 512 367.5 207.5
394 364 254.5 195.5 253.5
222.5 325.5 178.5 325.5 245
376 324 278.5 301 232.5
276.5 269.5 301 199.5 290
260 186.5 367.5 293.5 228.5
244.5 720.5 127 285 309
404 342 147 213.5 308.5
434 210 183.5 211.5 364.5
236.5 357.5 291.5 195 329.5
276 225.5 308.5 261.5 220
258 208 359 261.5 223.5
376 175 205 264.5 144
388 306.5 215.5 411.5 182.5
278.5 151 455 165 200.5
192.5 248.5 236.5 281 281.5
322 419.5 233.5 288