#prve obdobie:
190 120.5 285.5 184 384.5
324.5 114 506.5 290 869.5
668.5 83 188 449 289.5
212 466 548.5 260 300.5
556.5 371.5 112.5 254.5 368
510 102 206.5 261.5 361
167.5 187 146.5 205 348.5
283.5 447 102.5 219 292.5
343 332.5 532.5 445.5 127
557.5 203.5 373.5 142 230.5
482.5 512.5 330 273 171
178 463.5 476 290 176
195 159.5 296 177.5 406
182 164.5 137 191 298
110 353 192.5 308.5 287
203.5 377.5 211.5 342 259
231 348 159 130.5 176
128.5 159 290 335 514
191 304.5 167 257 640
142 146 356 96 295
237 312.5 215 442.5 127
127 756 228.5 132 256
374.5 262.5 286.5 264 380.5
357.5 478.5 511.5 218 353
162.5 184 548 166.5 147.5
240 386 130.5 287.5 230
480.5 247.5 380 238.5 237.5
214.5 394.5 416.5 392.5 244.5
202 371.5 553 293.5 295
178 334.5 226 194 388.5
353 404 348 163.5 216.5
283 388.5 567.5 250.5 478
267.5 326.5 369 512.5 341
188.5 386 239 480.5 105
227 130.5 384.5 294.5 154
324 116 229 301.5 334
143.5 212 448 126.5 417.5
276.5 303 211 373 209.5
207.5 195 317 170.5 230
143 361 452 260.5 308.5
206 256.5 291 421.5 295.5
119.5 268.5 221 151.5 314.5
313.5 323.5 204 241 637
214 348 191.5 384 220
285.5 335 251.5 131.5 328
392 509 235.5 249.5 129.5
303 201.5 365 346.5 210.5
334 376.5 215.5 312 239.5
221 388 154.5 268.5 127
537.5 427.5 272 197 167.5
292 170 486.5 262
