3.764332 5.180352 5.807524 9.336984 5.116534
1.100171 14.24773 6.970625 4.936676 1.851213
9.621485 3.356841 2.579374 2.948428 1.804365
1.481356 2.952781 5.88634 0.3262847 15.95344
5.151549 11.48484 6.745504 2.266909 8.96609
7.825695 5.413426 6.932322 2.513486 5.920182
5.195497 3.479532 3.732817 6.860125 7.932056
2.993586 0.8832637 9.65842 2.901383 15.80169
9.557296 9.668428 2.704464 3.297531 6.471057
4.986154 3.876112 3.47061 4.883683 7.099733
6.74586 4.489091 5.763182 3.571787 4.538773
2.410205 9.160203 8.88481 4.769463 9.125219
1.340189 9.781258 5.961689 6.591453 9.058946
0.4963469 0.8409192 6.143786 10.13547 1.466472
6.311422 2.296768 11.65844 3.344289 5.796138
5.685725 2.489471 1.353416 2.585451 7.281504
3.279856 10.25352 4.333121 7.602902 9.417604
2.445971 2.995969 2.177548 12.57413 4.235361
12.20441 7.460495 3.459118 9.370859 2.66147
1.853613 8.899374 1.677233 5.73432 17.64675
1.526709 3.391125 8.430433 1.826157 6.913846
3.921591 7.99491 12.54591 3.736851 7.081338
5.039091 2.194190 3.768153 3.04499 4.484253
8.676997 8.685978 2.924043 6.926076 1.897450
5.636709 8.471735 3.361822 4.484584 9.265386
0.8222974 6.232835 6.914789 3.445551 9.15785
1.598451 3.570547 6.254173 2.402123 4.418413
2.925336 3.877504 6.892774 1.774127 1.104154
3.21162 6.093184 6.028774 1.953274 2.119136
3.081949 5.127678 2.093161 8.594854 5.282261
2.175506 0.8162651 1.055435 3.149756 7.116333
2.349748 2.172668 0.6871651 5.838714 5.948198
7.649805 4.860104 4.707155 3.786345 1.548613
6.604176 11.58741 10.47363 3.370502 10.67716
5.304554 2.200499 2.912666 3.480329 4.490476
8.509443 6.153539 7.140287 5.728473 8.54993
9.57604 1.397848 3.239945 3.641587 4.572208
1.013851 9.741703 3.633079 6.6657 9.222566
4.929408 2.918848 13.24450 1.235820 7.482916
4.623176 1.592844 3.022572 3.926258 5.356264
7.02622 4.733482 3.303245 7.812044 4.070856
4.808058 10.44053 8.044733 8.10784 13.04865
11.39177 3.847924 4.232022 3.769002 5.880186
2.719592 7.259506 0.9562583 7.324804 2.235648
7.757935 3.918089 4.597571 5.995129 7.94195
3.166747 3.02633 6.158157 10.42456 4.433793
4.613435 1.737073 3.633761 3.985064 2.608927
5.407448 5.889007 1.239937 8.816003 11.07206
5.027139 4.763603 5.738036 7.22663 7.990662
9.25204 8.647752 5.359486 3.814778 4.289505
4.492345 5.029947 7.451126 9.875611 0.2956741
3.584705 0.8044756 2.026553 3.186402 1.891337
4.490259 6.559229 10.96197 2.654751 2.437751
8.495178 1.083953 2.494787 6.739376 2.936804
1.286515 4.064397 10.75930 4.540192 2.881263
0.9419812 0.9188826 1.013646 2.232464 7.452657
2.635281 1.457549 6.372816 3.29223 7.318086
5.564579 1.727751 4.856316 1.793419 1.16669
12.68355 8.816492 8.06822 1.166199 5.042812
0.6815191 4.911555 1.525941 5.023179 2.811959
1.693333 16.63027 5.891117 14.10841 5.391271
2.494018 5.392643 2.709874 1.744418 12.96272
3.107415 5.033194 8.368941 4.982301 3.891943
4.002927 4.847877 9.757602 7.963805 3.684925
3.088572 7.510574 9.194965 3.036399 3.956674
4.143321 14.82951 5.9705 2.0024 3.577577
5.076462 3.680322 6.247901 5.210395 6.549355
3.840729 2.065962 3.290543 9.9185 6.964263
1.786404 2.376748 1.638697 7.871455 5.581812
7.331824 2.904845 6.099743 4.484144 10.32750
7.532776 5.005009 5.528001 0.8044315 4.007654
7.079144 3.895149 5.289289 2.570865 11.86555
11.51064 7.270562 1.034225 1.71457 3.352340
1.636842 5.384281 15.95081 3.00587 7.360079
8.022376 6.720158 6.116992 3.340511 2.863807
7.003106 5.318424 1.789479 1.192507 11.45224
6.741111 4.334051 4.148082 2.573208 4.562690
1.946814 9.476708 3.901062 3.97276 5.215443
13.19662 2.331745 3.003641 2.039938 2.718778
1.927124 6.08156 2.674381 4.370895 3.373702
1.410494 10.14887 9.830575 6.998122 6.707012
6.519134 1.203297 1.394263 5.569147 6.20187
3.805165 4.371322 0.7389061 8.023631 6.957392
5.413171 3.551722 8.927108 17.06920 7.486473
7.721028 6.459621 12.18259 6.984517 10.11932
0.4039609 2.364039 7.04187 7.416301 5.284994
6.563159 3.311403 2.498656 3.489296 4.343616
7.556154 1.242526 1.066368 2.001655 2.807511
5.471526 0.8857203 4.908817 2.418144 4.238056
8.522222 7.049547 4.490277 4.708399 1.680228
2.503243 10.33269 5.372852 2.619446 3.738911
7.113693 2.371988 4.743656 7.1408 2.997192
9.276783 1.846407 7.842794 2.491188 4.517897
4.869119 0.828728 3.311594 1.922925 3.396291
7.995162 2.977377 0.8708556 3.762587 2.961566
9.733886 6.486932 6.199647 7.67985 13.31695
4.104384 6.656323 1.33705 3.392166 4.874868
13.89120 0.4986716 6.648269 2.411251 1.377442
6.902853 1.982698 3.655392 2.446103 0.7746329
1.052292 3.181918 10.97680 2.140261 2.922856
6.138403 6.01664 3.752163 3.546042 4.109318
9.6572 4.323078 4.015348 6.455332 7.040571
4.804949 6.609283 9.417748 1.731405 4.056696
3.192069 10.49250 14.04602 1.22721 0.4696286
6.665828 4.236899 1.627063 5.858766 6.472338
4.967133 4.06474 10.06258 6.179179 7.002008
5.06893 2.558097 0.4433904 1.68037 2.643139
6.766767 9.45686 8.984804 2.077052 6.12218
6.110866 11.03392 9.368056 5.815997 2.441116
2.654495 4.291038 2.733813 1.655146 3.993737
1.237676 5.20936 2.925258 4.773587 8.717383
4.126608 1.691686 3.928328 1.576133 7.46572
7.68611 5.823147 9.223968 4.306623 6.415747
2.477804 15.33250 3.280975 4.197066 6.901355
7.683474 13.51996 4.266968 6.657676 6.283276
3.547357 5.662167 4.138816 17.89151 4.793938
2.427526 3.55089 2.550237 9.495475 1.585185
1.323995 8.997528 8.131776 5.763604 8.76228
3.453893 3.469763 3.079377 0.7742327 5.76926
10.40133 1.350689 4.280822 2.867473 4.565806
1.879718 8.416151 10.71315 8.892615 7.478924
3.901865 6.682232 4.648837 4.093252 7.706401
3.159125 3.812053 4.561143 1.283484 0.1770637
2.796312 3.238444 17.88090 2.698888 3.735486
2.618406 3.509619 4.985197 2.353084 9.401377
7.206661 8.350016 2.730983 0.4887513 2.052543
10.25102 10.43613 3.120448 1.101634 4.819271
4.483231 4.059011 5.059875 4.130178 4.321449
5.619611 6.256744 5.377564 2.793667 6.43062
1.912296 7.894371 7.453699 1.269443 6.105836
6.677366 6.930275 10.17562 6.935406 1.347943
2.023927 5.84138 4.681573 5.792249 5.663383
5.266511 3.898553 4.017658 9.77347 5.910936
10.60098 2.79139 0.952467 6.153776 7.241549
2.076456 0.903383 2.376547 1.149898 0.7974735
2.093100 3.195685 6.087812 12.27582 8.473341
2.848562 5.075388 5.276865 1.934961 10.08144
3.510301 4.602815 3.607904 2.863523 6.458749
2.165713 1.811058 4.021354 5.507415 5.89405
7.90728 10.72651 3.990725 1.467483 10.45148
1.277497 2.266791 12.03230 3.595738 6.669901
2.5687 3.509877 2.096710 1.612790 3.270046
2.052086 10.18106 1.700633 4.424618 3.311437
4.752864 2.037882 8.144275 6.275561 3.920761
6.652865 5.368598 6.846435 11.25900 6.484582
4.219944 4.512597 3.192112 3.194026 4.291118
0.5050154 2.957517 4.739895 4.13495 0.7758448
1.994635 2.518933 4.150431 7.486017 6.116055
4.530781 0.1491669 4.687527 0.6342049 2.673835
3.577591 5.372336 0.4642401 2.782873 4.665307
6.248635 4.669831 3.449105 2.348985 19.44556
7.32102 2.686772 2.732011 19.90906 2.111157
7.902477 6.36542 10.97711 6.432468 3.458373
4.151118 4.573323 1.902348 1.807073 7.364538
9.706616 2.136452 3.997308 6.619234 1.671955
1.561057 2.895802 7.141655 1.071064 4.560084
6.184939 2.879387 4.384216 3.554851 2.186632
4.442385 9.879472 5.86481 2.043620 3.919053
6.114166 1.857639 5.417533 1.215483 13.32162
1.166598 9.12785 13.34000 5.27233 7.25818
3.769229 2.056834 0.9008426 3.315063 1.902514
1.913302 1.487160 8.503612 11.02238 2.507838
0.915948 2.174997 5.08723 1.850490 5.994576
5.075973 5.125901 2.870575 5.093348 11.09490
1.872868 3.627261 5.401492 6.117171 11.62250
1.632550 8.040576 4.006862 7.844945 4.035549
12.3226 5.792642 2.601498 9.563496 3.933926
5.043121 2.621837 2.172213 2.909871 4.162015
12.52578 6.269741 2.533003 6.000606 3.830087
3.438551 3.521434 4.260576 6.083366 3.091472
3.295388 2.025123 9.46705 6.611659 4.854734
7.465093 3.230178 2.362962 1.675028 6.247752
4.930591 6.966807 5.844168 5.499309 3.84773
3.746744 1.653726 6.108955 1.760632 2.420673
5.382995 5.430602 7.752199 6.015767 5.838423
5.924445 6.13692 1.728893 3.203264 5.131817
3.786186 4.404654 1.685235 7.86038 5.509293
2.513899 7.525833 2.417497 3.595799 13.42536
2.210062 9.559056 13.2764 6.711033 2.952100
3.808430 1.902431 1.75434 6.304161 9.523418
4.854828 2.801752 0.2154745 6.700006 2.989519
3.673472 15.60198 10.59559 6.100101 3.808117
3.010733 2.541175 2.917308 3.540635 9.066368
0.6970788 3.337588 7.255349 2.37776 7.549068
2.314720 3.565537 6.789907 5.3958 12.01604
1.645019 7.630006 2.766674 11.53922 6.704201
1.517783 6.557337 2.045503 5.458494 2.572490
3.674422 8.485641 6.473878 4.882169 8.865565
2.215735 6.077734 6.705752 7.26148 3.699625
2.104940 2.385805 1.481039 3.989921 5.99696
1.960103 10.11464 4.137072 0.686196 2.97531
5.225907 17.58375 1.378379 8.573633 1.032425
2.236491 2.189289 6.488685 7.343237 2.873082
4.015039 9.766348 2.802509 5.104724 3.656932
8.042923 2.246789 4.308751 1.859423 6.992027
1.933422 5.057061 3.780782 7.013067 1.325172
4.759968 0.4567537 3.25255 11.35658 1.836654
5.240627 5.665636 12.79154 0.9461273 2.665101
4.949616 3.635558 6.071989 3.680567 1.585946
4.575234 2.331717 5.884108 2.876729 3.925065
