7.201095 9.583427 0.2680119 5.721645 11.14171
10.84598 9.640405 10.41575 4.866482 9.745966
8.974543 8.46075 1.711878 10.49653 11.19723
6.398206 10.98681 4.894867 8.534465 10.62437
4.938574 3.584243 8.394655 9.673745 7.107425
7.166504 -1.360404 10.96322 6.017935 2.119268
8.528579 9.342413 9.12937 8.024331 7.27453
9.831223 8.391121 7.95964 7.450455 8.151648
10.04370 3.629055 10.58359 10.01747 11.21288
6.694312 9.953926 6.280352 9.322288 9.025032
5.882915 1.840281 10.03948 10.95087 5.511358
9.791243 10.66005 3.959501 4.982294 7.72542
11.34564 9.34083 9.503733 11.49676 7.729972
7.810412 10.31130 9.691914 8.39364 8.537534
10.17544 2.908310 7.720193 -1.675231 7.694812
6.072114 7.349592 6.128785 7.925159 8.603638
8.946107 8.074852 9.095637 9.036665 9.139045
10.31840 4.892932 7.922784 9.622936 10.95206
5.063969 8.271774 7.364253 6.376878 9.389155
8.122165 10.58660 7.439419 7.8341 9.530586
11.03374 5.870899 9.307575 6.55537 1.578937
5.031408 7.136672 10.08991 7.32339 3.28415
9.556304 5.426954 8.26378 3.818334 9.573534
7.606738 3.970255 6.839222 7.898279 4.920808
8.330486 8.986515 7.8531 8.24451 7.601599
6.428869 6.501421 10.14518 3.325309 6.783188
9.729686 9.380139 9.175048 7.340251 3.707557
11.01361 8.155002 10.37667 9.62206 3.639627
7.358725 8.675 9.050897 10.29257 3.295274
7.252005 10.24283 11.14043 7.004685 7.577275
9.103835 9.492016 2.852706 10.86694 11.33008
0.2081506 10.48980 7.608028 5.845488 7.776426
3.160153 11.4313 9.498511 9.86812 8.298517
7.10572 6.271804 7.006373 0.7169578 8.638147
8.68592 10.20705 0.1057389 8.034007 9.122522
4.993901 7.619106 7.676262 10.12687 3.847544
7.466034 4.801853 4.2177 0.5491417 10.09365
7.816499 11.18818 9.33381 10.41916 7.597556
7.075614 10.85366 8.615139 5.568813 -0.2223336
9.70279 9.328834 5.722435 8.43461 7.18598
8.064521 8.187924 9.376584 6.431944 9.081321
7.791755 9.308183 10.80601 8.57691 9.450518
5.926681 6.879906 -0.1241486 8.382275 10.98568
6.232814 8.765182 6.719158 9.476088 6.380904
5.859042 9.701975 3.927152 9.65962 6.751002
6.912585 8.170359 3.416907 6.968263 5.35573
4.30207 4.209884 11.16119 10.03324 4.551562
3.242445 4.370449 9.613464 7.622724 9.914881
9.36735 9.44233 9.715042 5.17705 7.900719
7.531787 10.60928 9.161529 2.637556 10.40641
0.04915752 11.00097 10.24474 8.550398 10.04417
4.907988 6.164569 8.25028 5.528014 10.87989
4.913561 8.168878 9.167738 10.26364 6.655472
10.78302 5.189015 9.246855 10.26522 8.114489
7.551793 3.901078 5.427561 5.806503 10.00389
1.070536 9.404667 11.56354 10.44175 4.431497
7.573537 9.117884 10.14306 9.934779 9.307823
6.372693 4.059948 11.48633 6.540404 7.941457
10.93361 6.540414 9.991215 10.62060 7.584053
11.06702 -2.047226 9.480475 9.65226 4.304723
4.762915 2.485292 5.332783 9.138818 8.33286
5.04235 8.61732 8.093173 8.316261 8.513832
7.767174 5.591939 7.729663 6.245682 6.582463
3.619619 9.464223 5.985244 -2.482338 9.335437
3.526808 10.329 9.668848 4.657824 6.146671
0.1223673 9.9343 10.78211 6.614406 2.207419
-1.146219 10.22843 9.478811 -2.995581 8.073366
8.012513 3.570751 8.132334 9.289525 10.70494
3.150271 10.7804 5.231771 11.40412 8.22908
2.560039 8.928192 9.238925 6.309803 11.55595
9.402008 7.46267 6.017123 5.48827 9.822889
4.893013 9.800693 3.052618 8.706987 5.830959
9.526576 2.336963 6.097434 9.95329 10.53657
5.924647 10.06414 9.202707 5.80382 8.271265
4.290376 7.382168 8.629592 10.63746 -3.904827
6.995327 9.00835 2.562191 6.412059 10.09311
4.358983 5.519334 3.78095 6.784008 9.0332
6.596548 9.621983 6.352932 10.36276 8.854967
3.433907 7.447112 8.915982 6.87312 11.81712
7.40335 7.91454 8.64606 4.809007 5.375936
5.859784 7.445137 9.015677 3.340435 9.921264
8.55534 2.522171 7.40919 8.145092 7.057504
10.00933 8.318319 -1.248400 10.01051 6.663342
2.914301 6.781609 8.355162 9.152592 6.34117
11.23480 8.988118 7.257285 9.467706 10.50298
8.55748 7.133032 9.33577 6.664828 7.890132
2.950483 9.966014 4.338718 7.887577 11.39401
5.791432 4.405752 9.36074 6.613958 -2.321065
5.544861 10.95607 8.461831 6.518491 3.702755
3.511995 8.608813 0.933362 1.904422 5.496479
10.11917 10.80552 4.826647 8.836238 9.883332
5.483333 2.234095 9.351433 6.430029 5.480251
7.814861 5.264087 11.61813 5.764109 10.08338
9.941228 10.82271 8.336895 10.39232 6.946022
3.395303 10.76078 8.895611 6.943596 7.419923
6.150214 8.560466 11.06737 9.58562 10.48728
9.89972 8.146473 11.53902 9.410525 9.564971
5.888186 6.25075 7.305613 8.593553 7.521576
7.668692 -1.214684 6.35032 10.51225 5.221204
9.199566 10.30907 9.850506 5.709163 8.442946
4.117828 5.951977 9.455715 9.815636 8.008388
7.042636 8.24489 7.619061 5.38127 7.544443
6.338093 6.73315 5.929483 8.63612 -3.122064
-1.822846 5.226424 0.2762863 10.99462 6.748718
2.523990 4.650225 3.372090 10.01710 7.375904
10.32339 10.28689 7.386456 9.631396 7.387913
6.136085 8.325647 9.109483 4.219309 10.20840
9.513824 9.79417 11.10444 -1.181242 5.694862
8.225123 6.311059 9.636247 6.467787 1.457012
9.836113 9.128976 4.115008 9.244778 6.528481
8.267718 -2.871574 6.489931 8.45861 2.533722
7.7532 10.66746 -1.987122 9.252721 4.50906
10.67209 8.829433 8.806 7.423164 8.094228
6.880982 -3.346506 9.180498 7.393145 10.04382
3.791006 -3.562541 9.288762 3.656351 9.703397
6.56807 7.691891 5.229171 10.33070 -6.923812
10.67522 -0.3652024 7.024308 9.095412 -0.4095338
9.188728 7.04341 7.37835 9.57637 4.397429
8.118827 10.43748 9.531004 7.252965 8.144854
9.434432 7.704186 8.7436 10.26116 8.45711
10.06359 4.034242 6.000925 7.397434 8.08465
8.239055 7.772391 8.977785 7.37786 10.82086
10.98953 5.921234 3.509805 9.87759 7.312194
-0.7296565 -1.593223 3.775242 2.453527 4.876514
10.94899 6.676762 6.706372 6.203958 10.74853
8.725758 5.018616 4.354962 6.530136 0.4754631
11.07893 7.627923 -4.381768 9.195082 9.943564
6.46019 8.818679 1.698221 9.583615 4.436105
5.098534 7.356432 8.463902 5.415557 7.36828
8.527717 4.117127 8.463173 10.73802 7.13188
10.40794 7.612782 6.508745 5.278867 3.580653
6.137699 6.811565 6.970315 8.824566 8.239127
6.359312 10.53654 11.43824 9.647382 4.598566
0.7390833 10.03217 8.906778 7.754384 9.115173
9.846972 6.470901 0.8689415 6.064692 7.904289
4.845678 3.626481 5.167679 9.417923 8.12766
7.54561 6.417218 3.496874 10.47113 5.380738
10.48995 -1.566575 6.519824 6.742083 9.70479
6.881561 2.946256 6.874514 6.182099 2.417249
3.808314 10.34694 10.38705 1.960775 10.01499
10.75979 8.096897 10.99235 10.92520 8.239317
1.4414 10.6907 9.26023 8.524207 3.862081
0.1955441 0.7275885 4.496137 7.433711 9.330137
9.39338 10.37093 4.157567 10.45207 8.839407
9.679836 6.105887 0.08120757 7.027088 11.62835
7.296721 2.480002 5.687257 5.25719 6.615204
6.610633 8.012219 1.266445 10.09344 5.314356
-3.416465 7.785822 9.062911 6.64343 8.782282
6.903971 4.446541 6.261255 1.490472 3.620047
5.798291 -2.280315 -1.033790 10.29596 6.877498
6.691072 0.6267667 10.28735 7.324603 2.513226
7.848605 5.107558 5.043228 5.739852 7.888534
8.352496 5.811491 10.57153 6.87388 1.084549
5.2607 5.560008 7.137999 9.86374 10.26923
9.374227 9.944645 8.988358 6.267245 8.147137
8.814031 5.596932 9.822237 8.150727 8.893528
5.249242 3.083142 11.66555 3.772117 10.79048
8.398582 8.740737 1.192182 8.281223 7.678851
10.98187 7.646189 2.585763 8.219462 7.000309
11.04047 10.54444 8.761822 7.59941 8.08474
11.08766 8.484888 9.222267 5.033959 4.285714
7.96074 3.202118 9.875507 8.035412 8.086407
9.84029 8.968585 2.029352 8.41101 4.701514
5.465559 5.326049 8.472897 4.885455 5.21627
7.161091 5.93187 8.525991 9.738657 -0.386754
5.910138 10.98860 2.538607 8.655023 7.301233
8.803082 9.004821 2.202346 8.977831 6.7171
8.658283 4.451312 8.947759 5.912123 5.690955
4.791204 7.38339 7.637628 3.428344 5.880626
4.760219 -1.392904 4.154439 10.56944 6.471653
8.505909 9.298213 6.070496 10.70580 9.982342
10.32433 1.429122 7.4172 11.45933 4.855021
6.539539 8.18619 6.669593 5.651009 10.22965
2.623225 4.431043 5.965205 9.988097 2.404536
5.506962 6.476778 8.092156 5.315747 -1.750088
7.135665 -5.650438 8.662077 11.62877 10.12460
3.171779 6.069141 4.115119 8.699214 8.693063
3.394347 2.05188 8.125319 9.313176 4.998034
6.876343 6.906791 6.891288 10.30631 8.12586
3.925741 11.85250 11.60093 8.630699 5.899998
6.604976 7.794564 6.057884 9.802462 10.54264
9.197283 9.663784 8.948365 2.819870 5.665793
10.05101 1.239562 5.987994 6.09053 5.227098
6.131291 8.311545 9.61046 8.451673 9.470616
7.263135 9.66702 4.134969 5.198059 9.864797
8.186118 3.594803 8.022187 7.148226 10.66619
8.079825 7.775839 10.40695 6.312652 1.567139
10.8488 5.171481 6.906557 7.602586 9.426788
8.847563 9.22365 9.295884 8.765859 6.886347
3.100353 4.415553 8.150472 10.28709 6.604907
7.193067 9.139422 10.35096 10.25983 8.242729
7.734141 8.557972 2.465288 7.269301 5.353803
8.41271 9.898188 9.28524 7.968923 4.135035
9.12453 3.572312 4.320962 6.635325 7.25148
10.65825 1.311121 3.480965 11.03014 5.312682
7.13426 7.45505 7.51871 10.49384 1.994345
6.105623 4.56535 5.736676 -7.26474 9.790946
8.068352 10.80892 10.25939 -2.594777 10.26991
7.730095 9.502202 4.254836 2.202688 4.958025
4.113859 -2.549521 9.574412 11.0361 9.505501
